0 4 7 11, 0 4 7 11, 11 2 6 9, 4 8 11 2,
9 0 4 7, 9 0 4 7, 7 10 2 5, 0 4 7 10,
5 9 0 4, 5 8 0 2, 0 4 7 11, 9 0 4 7,
2 6 9 0, 2 6 9 0, 2 5 9 0, 7 11 2 5,
0 4 7 11, 0 4 7 11, 11 2 6 9, 4 8 11 2,
9 0 4 7, 9 0 4 7, 7 10 2 5, 0 4 7 10,
5 9 0 4, 5 8 0 2, 0 4 7 11, 6 9 0 3, 11 3 6 9,
4 7 2 5, 8 0 3 7, 7 10 2 5, 9 1 4 7, 2 5 9 10, 7 11 2 5, 0 4 7 11, 7 11 2 5,



0 4 7 11, 0 4 7 11, 11 2 6 9, 4 8 11 2, 9 0 4 7, 9 0 4 7, 7 10 2 5, 0 4 7 10, 5 9 0 4, 5 8 0 2, 0 4 7 11, 9 0 4 7, 2 6 9 0, 2 6 9 0, 2 5 9 0, 7 11 2 5, 0 4 7 11, 0 4 7 11, 11 2 6 9, 4 8 11 2, 9 0 4 7, 9 0 4 7, 7 10 2 5, 0 4 7 10, 5 9 0 4, 5 8 0 2, 0 4 7 11, 6 9 0 3, 11 3 6 9, 4 7 2 5, 8 0 3 7, 7 10 2 5, 9 1 4 7, 2 5 9 10, 7 11 2 5, 0 4 7 11, 7 11 2 5,


